patient0001  94.0  34.6  63.2
patient0002  119.1  60.3  49.4
patient0003  105.7  47.1  55.4
patient0004  97.9  37.1  62.1
patient0005  70.5  32.8  53.4
patient0006  80.6  35.6  55.8
patient0007  98.6  46.8  52.5
patient0008  218.6  139.1  36.3
patient0009  301.5  206.2  31.6
patient0010  76.1  33.6  55.9
patient0011  107.9  57.8  46.5
patient0012  137.4  57.5  58.2
patient0013  98.6  57.8  41.4
patient0014  64.7  26.1  59.7
patient0015  82.5  30.5  63.1
patient0016  124.7  51.1  59.0
patient0017  65.5  24.2  63.1
patient0018  100.2  34.5  65.5
patient0019  112.2  66.2  40.9
patient0020  159.4  86.0  46.1
patient0021  71.3  12.9  81.9
patient0022  110.4  52.2  52.7
patient0023  107.4  25.1  76.7
patient0024  119.7  51.4  57.1
patient0025  120.0  72.7  39.5
patient0026  96.2  61.9  35.6
patient0027  76.1  36.4  52.2
patient0028  96.8  56.1  42.1
patient0029  110.9  75.0  32.3
patient0030  151.8  77.9  48.7
patient0031  140.2  86.5  38.3
patient0032  90.5  25.2  72.1
patient0033  139.4  99.7  28.5
patient0034  84.5  35.9  57.5
patient0035  94.0  66.1  29.7
patient0036  86.4  36.9  57.3
patient0037  176.4  126.4  28.4
patient0038  103.1  37.6  63.6
patient0039  118.6  66.6  43.8
patient0040  83.5  52.6  37.0
patient0041  107.9  65.1  39.7
patient0042  57.0  16.9  70.4
patient0043  70.8  32.0  54.8
patient0044  136.6  69.0  49.5
patient0045  134.9  73.6  45.5
patient0046  111.3  41.4  62.8
patient0047  62.7  26.8  57.3
patient0048  141.8  55.9  60.6
patient0049  89.4  59.9  33.0
patient0050  110.9  53.9  51.4
patient0051  42.1  17.3  58.9
patient0052  216.8  135.8  37.3
patient0053  67.9  23.6  65.3
patient0054  143.7  88.5  38.4
patient0055  95.9  39.8  58.5
patient0056  121.7  54.4  55.3
patient0057  145.3  75.8  47.8
patient0058  79.9  42.0  47.5
patient0059  146.0  94.2  35.5
patient0060  130.9  69.6  46.8
patient0061  62.3  20.3  67.5
patient0062  127.5  65.4  48.7
patient0063  77.5  42.1  45.7
patient0064  71.2  24.8  65.2
patient0065  111.9  55.9  50.1
patient0066  118.0  43.9  62.8
patient0067  150.1  109.9  26.8
patient0068  102.3  50.5  50.7
patient0069  106.9  63.5  40.6
patient0070  119.9  46.7  61.0
patient0071  335.6  315.5  6.0
patient0072  116.4  36.0  69.1
patient0073  99.7  46.4  53.4
patient0074  70.8  37.0  47.8
patient0075  117.6  57.7  51.0
patient0076  141.7  46.9  66.9
patient0077  155.7  109.2  29.9
patient0078  92.0  36.7  60.1
patient0079  97.6  37.5  61.6
patient0080  78.6  39.9  49.2
patient0081  216.9  124.0  42.8
patient0082  109.6  43.8  60.1
patient0083  142.1  105.9  25.5
patient0084  109.3  47.6  56.5
patient0085  88.3  36.4  58.8
patient0086  81.8  53.3  34.9
patient0087  86.1  32.4  62.4
patient0088  86.2  45.5  47.2
patient0089  83.2  51.2  38.4
patient0090  98.0  60.5  38.3
patient0091  130.2  68.8  47.2
patient0092  80.7  44.5  44.8
patient0093  103.5  51.2  50.5
patient0094  95.8  59.7  37.7
patient0095  86.0  57.5  33.1
patient0096  94.9  55.8  41.2
patient0097  46.4  21.1  54.5
patient0098  103.4  35.6  65.6
patient0099  77.1  43.5  43.6
patient0100  99.7  51.5  48.3
patient0101  100.3  49.0  51.2
patient0102  77.8  36.2  53.4
patient0103  55.2  18.2  67.0
patient0104  95.0  40.7  57.1
patient0105  126.6  54.2  57.1
patient0106  94.3  35.7  62.1
patient0107  89.2  44.6  50.0
patient0108  126.8  89.2  29.6
patient0109  130.3  107.7  17.4
patient0110  104.0  56.0  46.1
patient0111  79.2  28.3  64.3
patient0112  88.1  36.8  58.3
patient0113  78.0  31.8  59.2
patient0114  75.0  33.6  55.2
patient0115  71.9  21.1  70.7
patient0116  67.2  39.3  41.5
patient0117  77.0  60.5  21.4
patient0118  98.1  54.3  44.7
patient0119  45.7  17.9  60.9
patient0120  70.4  18.6  73.6
patient0121  102.2  53.6  47.6
patient0122  110.8  61.7  44.3
patient0123  90.4  46.1  49.0
patient0124  109.8  60.9  44.5
patient0125  120.2  41.6  65.4
patient0126  124.2  57.2  53.9
patient0127  101.3  41.0  59.5
patient0128  85.0  33.7  60.4
patient0129  122.5  41.7  66.0
patient0130  127.8  67.8  46.9
patient0131  110.1  60.9  44.7
patient0132  87.6  42.3  51.7
patient0133  48.4  21.3  56.1
patient0134  85.9  36.7  57.3
patient0135  156.5  93.1  40.5
patient0136  63.2  34.5  45.5
patient0137  66.6  23.3  65.0
patient0138  73.2  28.9  60.5
patient0139  74.9  30.6  59.1
patient0140  94.6  44.4  53.1
patient0141  67.5  25.9  61.6
patient0142  70.6  33.7  52.2
patient0143  37.9  28.9  23.7
patient0144  124.1  64.9  47.7
patient0145  53.0  25.3  52.3
patient0146  67.8  29.4  56.6
patient0147  77.6  30.0  61.4
patient0148  54.1  18.9  65.0
patient0149  51.9  22.2  57.2
patient0150  76.3  49.8  34.7
patient0151  138.4  72.4  47.7
patient0152  64.7  38.5  40.5
patient0153  61.2  33.0  46.0
patient0154  72.4  49.2  32.1
patient0155  44.2  18.8  57.5
patient0156  109.0  61.5  43.6
patient0157  107.1  54.8  48.8
patient0158  104.6  45.3  56.7
patient0159  100.0  55.1  44.9
patient0160  82.6  36.5  55.8
patient0161  137.0  77.4  43.5
patient0162  40.3  17.0  57.8
patient0163  137.3  82.7  39.8
patient0164  81.4  44.0  45.9
patient0165  136.8  69.1  49.5
patient0166  76.7  26.4  65.6
patient0167  91.3  29.7  67.5
patient0168  90.7  26.3  71.0
patient0169  91.9  30.6  66.7
patient0170  88.2  50.4  42.9
patient0171  50.6  26.1  48.3
patient0172  77.4  26.0  66.4
patient0173  137.9  85.8  37.8
patient0174  73.2  35.7  51.3
patient0175  122.6  46.5  62.0
patient0176  61.3  25.7  58.0
patient0177  60.6  34.8  42.5
patient0178  40.3  15.7  61.1
patient0179  30.8  9.2  70.2
patient0180  80.1  28.8  64.1
patient0181  91.1  51.3  43.7
patient0182  91.6  43.5  52.5
patient0183  54.2  16.5  69.6
patient0184  78.8  56.6  28.1
patient0185  62.6  36.9  41.0
patient0186  64.1  20.1  68.6
patient0187  130.7  57.3  56.2
patient0188  95.0  40.9  57.0
patient0189  127.3  72.5  43.0
patient0190  78.7  32.8  58.4
patient0191  55.6  21.2  61.9
patient0192  80.3  26.6  66.9
patient0193  194.1  104.3  46.3
patient0194  63.1  20.5  67.6
patient0195  70.9  30.1  57.5
patient0196  61.5  28.0  54.4
patient0197  86.3  38.5  55.4
patient0198  74.4  43.9  41.0
patient0199  128.6  75.1  41.6
patient0200  154.8  125.6  18.9
patient0201  63.0  9.1  85.6
patient0202  132.5  92.5  30.2
patient0203  131.2  74.6  43.2
patient0204  138.7  55.7  59.9
patient0205  47.5  12.7  73.3
patient0206  93.7  31.6  66.2
patient0207  112.7  36.9  67.3
patient0208  98.6  34.2  65.3
patient0209  61.1  23.7  61.2
patient0210  55.0  30.9  43.8
patient0211  88.1  26.6  69.9
patient0212  146.0  71.9  50.8
patient0213  105.0  52.0  50.5
patient0214  55.0  26.5  51.8
patient0215  123.8  56.2  54.6
patient0216  93.1  41.8  55.1
patient0217  124.7  62.1  50.2
patient0218  95.3  47.1  50.6
patient0219  119.4  85.6  28.3
patient0220  76.1  44.6  41.4
patient0221  135.5  61.8  54.4
patient0222  86.2  34.6  59.9
patient0223  205.9  84.4  59.0
patient0224  104.7  51.2  51.1
patient0225  147.9  88.4  40.3
patient0226  76.1  34.0  55.3
patient0227  76.6  33.6  56.2
patient0228  121.9  81.8  32.9
patient0229  113.5  51.4  54.7
patient0230  131.5  83.9  36.2
patient0231  91.6  39.1  57.3
patient0232  68.4  33.6  50.9
patient0233  126.3  51.7  59.1
patient0234  95.0  44.2  53.4
patient0235  95.8  41.7  56.4
patient0236  78.5  27.9  64.5
patient0237  82.0  34.3  58.1
patient0238  94.4  55.5  41.2
patient0239  79.3  34.2  56.9
patient0240  73.4  33.1  54.9
patient0241  54.9  23.0  58.1
patient0242  106.4  32.7  69.2
patient0243  57.3  17.9  68.8
patient0244  48.8  14.4  70.4
patient0245  73.7  30.2  59.0
patient0246  112.3  44.9  60.0
patient0247  85.3  33.2  61.1
patient0248  232.6  168.7  27.5
patient0249  109.2  70.2  35.7
patient0250  92.3  50.1  45.7
patient0251  57.3  33.0  42.5
patient0252  148.3  91.7  38.2
patient0253  83.9  28.4  66.2
patient0254  75.9  31.9  57.9
patient0255  109.7  60.6  44.7
patient0256  108.2  53.6  50.5
patient0257  99.0  45.3  54.3
patient0258  77.7  36.6  52.9
patient0259  61.8  24.5  60.3
patient0260  57.9  12.9  77.7
patient0261  101.6  46.7  54.1
patient0262  78.7  27.8  64.6
patient0263  80.9  42.9  47.0
patient0264  266.6  183.8  31.1
patient0265  195.5  104.9  46.3
patient0266  153.3  60.4  60.6
patient0267  65.7  22.7  65.5
patient0268  107.3  59.3  44.8
patient0269  53.7  27.1  49.5
patient0270  80.7  40.6  49.7
patient0271  68.9  33.0  52.1
patient0272  83.2  40.9  50.9
patient0273  76.8  26.0  66.1
patient0274  75.3  33.7  55.2
patient0275  87.7  55.5  36.7
patient0276  89.6  55.6  38.0
patient0277  51.7  19.5  62.3
patient0278  96.4  38.6  59.9
patient0279  152.5  95.4  37.4
patient0280  92.5  41.6  55.0
patient0281  95.8  27.1  71.7
patient0282  57.1  16.5  71.1
patient0283  90.0  54.8  39.0
patient0284  44.3  21.3  51.9
patient0285  94.6  50.2  47.0
patient0286  72.6  29.5  59.3
patient0287  97.7  45.0  54.0
patient0288  78.0  33.1  57.6
patient0289  131.3  60.8  53.7
patient0290  98.2  48.0  51.1
patient0291  48.8  29.2  40.3
patient0292  70.3  43.1  38.6
patient0293  73.1  38.2  47.7
patient0294  76.3  38.6  49.4
patient0295  40.9  20.9  48.9
patient0296  71.2  36.1  49.3
patient0297  65.6  32.3  50.8
patient0298  103.9  47.7  54.1
patient0299  184.5  107.3  41.9
patient0300  119.1  56.4  52.6
patient0301  112.7  79.6  29.4
patient0302  109.6  65.8  39.9
patient0303  323.7  196.4  39.3
patient0304  57.0  18.3  67.8
patient0305  75.8  18.8  75.1
patient0306  65.2  28.3  56.6
patient0307  74.2  28.6  61.4
patient0308  73.5  25.1  65.8
patient0309  157.6  77.4  50.9
patient0310  117.4  56.3  52.1
patient0311  188.1  107.4  42.9
patient0312  51.9  16.3  68.6
patient0313  100.5  34.8  65.4
patient0314  105.1  36.6  65.2
patient0315  113.1  36.6  67.6
patient0316  78.8  38.1  51.6
patient0317  103.9  44.4  57.2
patient0318  115.2  59.1  48.7
patient0319  78.7  34.3  56.4
patient0320  91.8  23.5  74.4
patient0321  54.3  21.0  61.2
patient0322  125.7  50.0  60.2
patient0323  116.2  48.0  58.7
patient0324  91.7  33.5  63.5
patient0325  110.0  41.0  62.7
patient0326  73.2  46.2  36.9
patient0327  116.2  57.0  50.9
patient0328  78.6  25.1  68.0
patient0329  88.4  43.5  50.8
patient0330  76.5  28.8  62.3
patient0331  70.7  26.6  62.3
patient0332  121.6  50.9  58.1
patient0333  110.5  71.3  35.5
patient0334  76.4  34.6  54.7
patient0335  60.9  23.9  60.8
patient0336  92.3  39.7  57.0
patient0337  184.8  138.8  24.9
patient0338  85.4  33.2  61.1
patient0339  173.6  118.5  31.7
patient0340  113.4  46.8  58.7
patient0341  123.6  83.1  32.8
patient0342  91.7  42.9  53.2
patient0343  116.7  81.1  30.5
patient0344  244.2  162.3  33.5
patient0345  194.2  155.3  20.0
patient0346  111.6  52.9  52.6
patient0347  80.0  38.4  52.0
patient0348  93.0  36.3  61.0
patient0349  92.0  50.5  45.1
patient0350  69.1  28.4  59.0
patient0351  135.6  98.7  27.2
patient0352  132.1  69.7  47.2
patient0353  54.4  24.6  54.8
patient0354  87.1  36.3  58.4
patient0355  95.3  37.0  61.1
patient0356  52.2  26.4  49.5
patient0357  73.5  44.9  38.9
patient0358  126.9  59.5  53.1
patient0359  96.9  42.6  56.0
patient0360  58.1  25.6  55.9
patient0361  163.3  74.3  54.5
patient0362  65.7  32.9  49.8
patient0363  99.4  47.5  52.2
patient0364  109.4  56.1  48.7
patient0365  147.6  68.7  53.5
patient0366  69.3  25.2  63.7
patient0367  69.8  23.8  65.9
patient0368  162.8  105.8  35.0
patient0369  57.2  21.8  61.9
patient0370  154.8  80.4  48.1
patient0371  161.3  74.3  54.0
patient0372  79.5  32.3  59.4
patient0373  63.8  34.0  46.7
patient0374  181.9  115.2  36.7
patient0375  77.0  30.9  59.9
patient0376  65.3  28.8  55.9
patient0377  72.0  39.8  44.7
patient0378  87.4  36.7  58.0
patient0379  55.3  30.1  45.7
patient0380  138.2  62.8  54.5
patient0381  67.4  31.9  52.6
patient0382  71.5  31.9  55.4
patient0383  87.6  27.5  68.6
patient0384  165.7  98.1  40.8
patient0385  142.5  60.6  57.4
patient0386  86.6  45.2  47.8
patient0387  115.5  61.9  46.4
patient0388  82.7  42.5  48.6
patient0389  70.5  30.6  56.6
patient0390  121.2  56.2  53.7
patient0391  65.7  19.3  70.6
patient0392  53.7  18.9  64.7
patient0393  56.7  27.8  51.0
patient0394  74.5  31.5  57.8
patient0395  165.2  119.6  27.6
patient0396  80.3  34.8  56.7
patient0397  80.1  25.3  68.4
patient0398  51.8  12.0  76.8
patient0399  78.4  25.5  67.5
patient0400  89.1  50.4  43.4
patient0401  56.0  25.4  54.5
patient0402  95.7  38.8  59.5
patient0403  89.3  57.9  35.2
patient0404  141.4  84.3  40.4
patient0405  63.1  18.1  71.3
patient0406  101.2  32.4  68.0
patient0407  100.3  36.7  63.4
patient0408  94.2  50.0  46.9
patient0409  69.2  39.7  42.7
patient0410  100.3  52.8  47.4
